-9.990000000000000000e+02
-9.990000000000000000e+02
-9.990000000000000000e+02
3.947956264019999995e-01
5.735119581219999541e-01
6.685988307000000352e-01
4.487711787220000081e-01
3.085829913620000142e-01
2.367796003819999939e-01
-9.990000000000000000e+02
-9.990000000000000000e+02
-9.990000000000000000e+02
-9.990000000000000000e+02
7.538958787920000404e-01
1.431495666500000041e+00
2.283337593080000172e+00
1.638472318650000092e+00
6.614723801609999621e-01
4.399337172510000005e-01
-9.990000000000000000e+02
3.386826038360000179e+00
-9.990000000000000000e+02
-9.990000000000000000e+02
-9.990000000000000000e+02
1.475875377659999987e+00
3.256180286409999791e+00
1.386827588080000062e+00
8.911939859390000107e-01
-9.990000000000000000e+02
-9.990000000000000000e+02
-9.990000000000000000e+02
-9.990000000000000000e+02
2.422450065610000092e+00
2.785540103909999843e+00
1.941642761230000014e+00
-9.990000000000000000e+02
-9.990000000000000000e+02
-9.990000000000000000e+02
1.607362031939999936e+00
3.552878141399999912e+00
3.776841163639999888e+00
2.961901903149999793e+00
5.892997741700000347e+00
5.630183696749999633e+00
4.690684795380000160e+00
5.034981250759999583e+00
8.490219116209999584e+00
7.713336467739999591e+00
8.914037704469999213e+00
-9.990000000000000000e+02
-9.990000000000000000e+02
1.600344538689999929e+00
3.850135087970000036e+00
7.157215118409999910e+00
3.654340744020000198e+00
9.446368217470000772e+00
7.788553714749999912e+00
-9.990000000000000000e+02
9.638823866839999477e-01
1.478602051730000033e+00
3.669902563099999959e+00
4.193878650670000319e+00
7.537540912629999923e+00
9.681943893430000614e+00
7.560688495640000006e+00
1.231066322330000062e+01
7.554423809050000216e+00
7.534578323359999885e+00
1.225349235530000058e+01
7.720285415650000260e+00
-9.990000000000000000e+02
9.327051639560000051e-01
1.525169730190000017e+00
4.321247577670000339e+00
1.347441577909999921e+01
1.263166713710000089e+01
-9.990000000000000000e+02
1.390522193910000048e+01
1.298647117610000024e+01
1.273249816889999941e+01
1.397261524199999982e+01
1.226235961909999972e+01
1.435790920260000014e+01
1.294850635529999927e+01
1.200375556949999911e+01
1.207158660890000057e+01
1.047719764710000057e+01
1.022516918180000012e+01
5.174719810490000071e+00
1.290151977540000061e+01
1.073903465269999913e+01
1.016133022310000023e+01
8.371620178220000597e+00
8.045513629910000519e-01
1.248655676839999895e+00
2.520914793010000210e+00
7.948914527890000414e+00
4.000202655789999895e+00
-9.990000000000000000e+02
5.901217937470000230e+00
8.150614738459999842e+00
1.765743255619999985e+01
1.079197168349999902e+00
2.263416290279999910e+00
1.198397254940000067e+01
-9.990000000000000000e+02
-9.990000000000000000e+02
-9.990000000000000000e+02
8.799678802489999896e+00
9.952126502989999679e+00
1.124787235259999996e+01
1.269127941130000004e+01
1.398856353759999926e+01
7.113794326779999899e+00
8.535098075869999690e+00
1.589020133020000003e+00
8.853300094599999781e+00
3.031915903089999809e+00
2.701186656950000042e+00
-9.990000000000000000e+02
-9.990000000000000000e+02
-9.990000000000000000e+02
7.463534831999999675e+00
6.076237201689999701e+00
4.739901542660000189e+00
1.970044493679999897e+00
1.281934142109999897e+00
1.303083896640000017e+00
-9.990000000000000000e+02
-9.990000000000000000e+02
-9.990000000000000000e+02
4.416595935820000207e+00
4.364836215969999600e+00
1.582028865809999907e+00
4.504235267640000373e+00
4.438639163969999579e+00
1.294786334040000098e+00
6.745075583459999580e-01
-9.990000000000000000e+02
-9.990000000000000000e+02
-9.990000000000000000e+02
-9.990000000000000000e+02
4.432592868799999586e+00
3.307259082789999916e+00
3.081854343409999863e+00
1.293360114099999958e+00
3.014367103580000151e+00
1.105506181720000036e+00
5.929800271990000038e-01
-9.990000000000000000e+02
-9.990000000000000000e+02
-9.990000000000000000e+02
-9.990000000000000000e+02
1.079632282259999965e+00
1.728709697720000049e+00
7.394933104519999523e-01
-9.990000000000000000e+02
-9.990000000000000000e+02
-9.990000000000000000e+02
-9.990000000000000000e+02
-9.990000000000000000e+02
8.085345625880000497e-01
9.196586608889999459e-01
4.137277901170000050e-01
-9.990000000000000000e+02
-9.990000000000000000e+02
-9.990000000000000000e+02
-9.990000000000000000e+02
-9.990000000000000000e+02
5.217756032939999677e-01
1.137741088869999917e+00
2.701257765289999946e-01
-9.990000000000000000e+02
-9.990000000000000000e+02
-9.990000000000000000e+02
-9.990000000000000000e+02
-9.990000000000000000e+02
1.311588764189999923e+00
1.092648267750000013e+00
4.797021448609999905e-01
4.750139713289999732e-01
2.125528007749999948e-01
-9.990000000000000000e+02
-9.990000000000000000e+02
-9.990000000000000000e+02
-9.990000000000000000e+02
-9.990000000000000000e+02
8.452432155610000164e-01
3.708145320419999891e-01
7.437034845350000145e-01
2.861567735669999779e-01
1.546507626770000088e-01
-9.990000000000000000e+02
-9.990000000000000000e+02
-9.990000000000000000e+02
-9.990000000000000000e+02
-9.990000000000000000e+02
6.953945159909999951e-01
2.452898621559999881e-01
3.216620981689999881e-01
2.996202409270000144e-01
1.980308443309999888e-01
-9.990000000000000000e+02
-9.990000000000000000e+02
-9.990000000000000000e+02
-9.990000000000000000e+02
-9.990000000000000000e+02
-9.990000000000000000e+02
