-9.990000000000000000e+02
-9.990000000000000000e+02
-9.990000000000000000e+02
3.748456537720000203e-01
5.597102642060000077e-01
6.969078779220000408e-01
5.444193482400000450e-01
3.548234701160000171e-01
2.288612574339999872e-01
-9.990000000000000000e+02
-9.990000000000000000e+02
-9.990000000000000000e+02
-9.990000000000000000e+02
7.136611342430000393e-01
1.324139595029999894e+00
2.199655294419999851e+00
1.673063755040000045e+00
8.014726638789999580e-01
4.788476526739999795e-01
-9.990000000000000000e+02
3.182709693910000137e+00
-9.990000000000000000e+02
-9.990000000000000000e+02
-9.990000000000000000e+02
1.330821633340000032e+00
2.904968500139999854e+00
1.559320688249999920e+00
9.822977781299999656e-01
-9.990000000000000000e+02
-9.990000000000000000e+02
-9.990000000000000000e+02
-9.990000000000000000e+02
2.233944177630000194e+00
2.901612997059999977e+00
2.041769027710000017e+00
-9.990000000000000000e+02
-9.990000000000000000e+02
-9.990000000000000000e+02
1.603581666950000040e+00
3.216486454009999996e+00
3.738994359969999959e+00
2.948834657669999970e+00
5.704306125639999614e+00
5.458561897280000075e+00
4.595603466030000028e+00
4.920974254609999932e+00
8.608120918270000033e+00
7.694299697880000011e+00
9.103428840639999464e+00
-9.990000000000000000e+02
-9.990000000000000000e+02
1.559103250499999982e+00
3.645586729050000141e+00
7.066234111790000050e+00
3.573871612550000076e+00
9.653708457949999655e+00
7.696974754330000223e+00
-9.990000000000000000e+02
9.037018418309999968e-01
1.432256937030000010e+00
3.731104612349999794e+00
4.151522159579999816e+00
7.240148544310000212e+00
9.580402374269999299e+00
7.230407238009999737e+00
1.236909198759999917e+01
7.209601402279999682e+00
7.177060604100000241e+00
1.224932765960000047e+01
7.315659523009999887e+00
-9.990000000000000000e+02
9.162063598630000305e-01
1.689212918279999975e+00
4.738301754000000088e+00
1.281369304659999919e+01
1.241753768919999956e+01
-9.990000000000000000e+02
1.281925106049999918e+01
1.253165912629999923e+01
1.239176845549999939e+01
1.275673294069999919e+01
1.198650550840000051e+01
1.263514518739999914e+01
1.224278640750000058e+01
1.169913768770000040e+01
1.162664222719999962e+01
1.035689830779999987e+01
1.010383510590000000e+01
5.199064254759999670e+00
1.190575885770000042e+01
1.055279541019999989e+01
1.002450370789999923e+01
8.125842094419999384e+00
8.310607671740000146e-01
1.267877340320000101e+00
2.916353702549999927e+00
7.570851802830000032e+00
4.228570938109999844e+00
-9.990000000000000000e+02
5.581852912899999630e+00
7.999842643740000092e+00
1.114026069640000038e+01
1.108143568040000027e+00
2.258124113080000051e+00
9.475975036619999514e+00
-9.990000000000000000e+02
-9.990000000000000000e+02
-9.990000000000000000e+02
7.868771076199999825e+00
8.459999084470000597e+00
9.037130355829999573e+00
9.630636215210000017e+00
1.008221435549999967e+01
6.821691036219999837e+00
7.710013389590000266e+00
1.640647172930000064e+00
7.553970813750000346e+00
3.257896661759999812e+00
2.536477565769999831e+00
-9.990000000000000000e+02
-9.990000000000000000e+02
-9.990000000000000000e+02
6.284713268279999987e+00
5.382492542269999625e+00
4.487998962399999847e+00
2.020151138310000150e+00
1.371766686439999994e+00
1.216715693470000081e+00
-9.990000000000000000e+02
-9.990000000000000000e+02
-9.990000000000000000e+02
4.366612911219999837e+00
4.319325447079999769e+00
1.635830283160000009e+00
4.589815616610000149e+00
4.511859416960000146e+00
1.344783425329999949e+00
7.031315565110000110e-01
-9.990000000000000000e+02
-9.990000000000000000e+02
-9.990000000000000000e+02
-9.990000000000000000e+02
4.512126445769999883e+00
3.304862260819999786e+00
3.080815315250000186e+00
1.297124624250000080e+00
2.963953495030000163e+00
1.088850736619999982e+00
5.759476423260000422e-01
-9.990000000000000000e+02
-9.990000000000000000e+02
-9.990000000000000000e+02
-9.990000000000000000e+02
1.048106312750000102e+00
1.726219415659999923e+00
7.289736270900000203e-01
-9.990000000000000000e+02
-9.990000000000000000e+02
-9.990000000000000000e+02
-9.990000000000000000e+02
-9.990000000000000000e+02
7.990961074829999733e-01
9.501662254330000001e-01
4.398441612719999894e-01
-9.990000000000000000e+02
-9.990000000000000000e+02
-9.990000000000000000e+02
-9.990000000000000000e+02
-9.990000000000000000e+02
5.513148307799999870e-01
1.132765054700000107e+00
2.895102202889999754e-01
-9.990000000000000000e+02
-9.990000000000000000e+02
-9.990000000000000000e+02
-9.990000000000000000e+02
-9.990000000000000000e+02
1.327768445010000020e+00
1.123113751410000027e+00
4.841375052929999812e-01
4.903881847859999921e-01
2.126001417639999946e-01
-9.990000000000000000e+02
-9.990000000000000000e+02
-9.990000000000000000e+02
-9.990000000000000000e+02
-9.990000000000000000e+02
8.454255461690000084e-01
3.635983765129999767e-01
7.390056848530000000e-01
2.835283875469999937e-01
1.594482213260000059e-01
-9.990000000000000000e+02
-9.990000000000000000e+02
-9.990000000000000000e+02
-9.990000000000000000e+02
-9.990000000000000000e+02
6.933401823039999634e-01
2.396427839989999919e-01
3.207497000689999989e-01
2.989560067650000041e-01
1.989925801749999890e-01
-9.990000000000000000e+02
-9.990000000000000000e+02
-9.990000000000000000e+02
-9.990000000000000000e+02
-9.990000000000000000e+02
-9.990000000000000000e+02
