-9.990000000000000000e+02
-9.990000000000000000e+02
-9.990000000000000000e+02
2.242931127549999959e-01
3.964781165119999895e-01
6.000384688380000497e-01
4.988103508949999765e-01
2.414197474720000125e-01
1.210544779900000062e-01
-9.990000000000000000e+02
-9.990000000000000000e+02
-9.990000000000000000e+02
-9.990000000000000000e+02
5.131632685660000304e-01
1.206337571139999953e+00
2.423196792600000204e+00
1.603650927539999937e+00
5.579777956010000262e-01
2.482732385399999964e-01
-9.990000000000000000e+02
4.039222240450000001e+00
-9.990000000000000000e+02
-9.990000000000000000e+02
-9.990000000000000000e+02
1.234565973280000062e+00
3.474612951280000139e+00
1.237111091610000102e+00
5.432292819020000385e-01
-9.990000000000000000e+02
-9.990000000000000000e+02
-9.990000000000000000e+02
-9.990000000000000000e+02
2.453156471249999804e+00
2.762609481810000212e+00
1.290990471840000042e+00
-9.990000000000000000e+02
-9.990000000000000000e+02
-9.990000000000000000e+02
1.279186010359999903e+00
3.461650609969999959e+00
3.566316366200000143e+00
1.907113790509999962e+00
8.602392196660000323e+00
8.196894645689999592e+00
5.532620429989999700e+00
6.489789962769999754e+00
1.429411888119999929e+01
1.292984199520000033e+01
1.504043960569999960e+01
-9.990000000000000000e+02
-9.990000000000000000e+02
1.226106882100000073e+00
4.066604137419999709e+00
1.212648963930000079e+01
2.719754219059999922e+00
1.584885501860000012e+01
1.335560703280000006e+01
-9.990000000000000000e+02
7.241770625110000026e-01
1.360430002209999989e+00
4.446262836459999868e+00
3.550198554990000144e+00
1.215540790560000062e+01
1.528891944889999976e+01
1.189545440670000076e+01
1.757552528380000112e+01
1.172172737120000008e+01
1.151812648770000003e+01
1.721560287479999829e+01
1.154033184050000038e+01
-9.990000000000000000e+02
8.818883299830000411e-01
1.911787033079999976e+00
5.905113220209999625e+00
1.696382331850000114e+01
1.710051536559999974e+01
-9.990000000000000000e+02
1.650476646419999938e+01
1.692339897160000106e+01
1.690938377379999835e+01
1.635634040829999947e+01
1.653842544560000150e+01
1.573758411410000058e+01
1.631264877319999940e+01
1.617000007629999914e+01
1.589784240720000064e+01
1.487084293370000054e+01
1.458069705960000029e+01
6.191239833830000094e+00
1.561991310119999987e+01
1.495688438420000033e+01
1.441162204739999986e+01
1.155093002319999940e+01
7.557476758960000041e-01
1.351577997209999937e+00
3.682899713519999896e+00
8.305803298949999913e+00
4.184856414789999590e+00
-9.990000000000000000e+02
6.589314937590000198e+00
1.083640861509999986e+01
1.021898078919999975e+01
9.881764650340000289e-01
2.592350721359999888e+00
1.009045600890000038e+01
-9.990000000000000000e+02
-9.990000000000000000e+02
-9.990000000000000000e+02
7.975542545319999732e+00
8.339164733889999681e+00
8.688373565670000076e+00
9.029536247250000258e+00
9.311761856080000399e+00
7.310175895689999592e+00
7.887442588809999933e+00
1.586992144579999930e+00
7.788841724400000111e+00
3.422409534449999846e+00
1.854425072670000008e+00
-9.990000000000000000e+02
-9.990000000000000000e+02
-9.990000000000000000e+02
6.633539676669999885e+00
5.744990825650000410e+00
4.960632324219999667e+00
2.078949928280000137e+00
1.246071100230000006e+00
7.839709520340000237e-01
-9.990000000000000000e+02
-9.990000000000000000e+02
-9.990000000000000000e+02
5.101454734799999891e+00
5.043885707860000345e+00
1.676439404489999951e+00
5.594845771790000200e+00
5.500534534449999846e+00
1.325673460960000050e+00
5.610712170599999604e-01
-9.990000000000000000e+02
-9.990000000000000000e+02
-9.990000000000000000e+02
-9.990000000000000000e+02
5.551224708560000387e+00
3.910729169850000186e+00
3.583628177640000079e+00
1.263756990429999894e+00
3.531280040740000015e+00
9.720470905300000464e-01
4.102931022640000092e-01
-9.990000000000000000e+02
-9.990000000000000000e+02
-9.990000000000000000e+02
-9.990000000000000000e+02
9.331123828890000027e-01
1.803997039790000034e+00
5.983842015270000037e-01
-9.990000000000000000e+02
-9.990000000000000000e+02
-9.990000000000000000e+02
-9.990000000000000000e+02
-9.990000000000000000e+02
6.114038825040000180e-01
9.386008977890000216e-01
3.523415327070000269e-01
-9.990000000000000000e+02
-9.990000000000000000e+02
-9.990000000000000000e+02
-9.990000000000000000e+02
-9.990000000000000000e+02
4.488148987289999892e-01
1.179851174349999976e+00
2.473225295539999979e-01
-9.990000000000000000e+02
-9.990000000000000000e+02
-9.990000000000000000e+02
-9.990000000000000000e+02
-9.990000000000000000e+02
1.514330983160000033e+00
1.321720600129999923e+00
4.229449927810000065e-01
5.353197455410000360e-01
1.662667095660000094e-01
-9.990000000000000000e+02
-9.990000000000000000e+02
-9.990000000000000000e+02
-9.990000000000000000e+02
-9.990000000000000000e+02
1.001032114030000031e+00
3.255587816239999821e-01
8.405607342719999542e-01
2.693862318990000171e-01
1.067455187439999981e-01
-9.990000000000000000e+02
-9.990000000000000000e+02
-9.990000000000000000e+02
-9.990000000000000000e+02
-9.990000000000000000e+02
8.174158930779999999e-01
1.842716187239999970e-01
2.754608094689999787e-01
2.566563189030000025e-01
1.426464915279999912e-01
-9.990000000000000000e+02
-9.990000000000000000e+02
-9.990000000000000000e+02
-9.990000000000000000e+02
-9.990000000000000000e+02
-9.990000000000000000e+02
