-9.990000000000000000e+02
-9.990000000000000000e+02
-9.990000000000000000e+02
3.925551772120000060e-01
5.650862455370000426e-01
6.520780324939999817e-01
4.227584898469999852e-01
2.979048788549999993e-01
2.373303622010000113e-01
-9.990000000000000000e+02
-9.990000000000000000e+02
-9.990000000000000000e+02
-9.990000000000000000e+02
7.520341873170000024e-01
1.444829821589999952e+00
2.317426443100000011e+00
1.629299998280000050e+00
6.309867501260000289e-01
4.322393238539999905e-01
-9.990000000000000000e+02
3.483421802520000110e+00
-9.990000000000000000e+02
-9.990000000000000000e+02
-9.990000000000000000e+02
1.495988726620000042e+00
3.361939430240000082e+00
1.353656053539999959e+00
8.684946894649999694e-01
-9.990000000000000000e+02
-9.990000000000000000e+02
-9.990000000000000000e+02
-9.990000000000000000e+02
2.446856975559999814e+00
2.784060955050000175e+00
1.933419704440000109e+00
-9.990000000000000000e+02
-9.990000000000000000e+02
-9.990000000000000000e+02
1.607330441470000038e+00
3.607579946520000025e+00
3.815837621690000070e+00
3.001056432720000000e+00
5.942482948300000345e+00
5.663222312930000335e+00
4.726056575780000379e+00
5.063548564909999605e+00
8.463709831239999204e+00
7.716030120850000174e+00
8.871276855470000555e+00
-9.990000000000000000e+02
-9.990000000000000000e+02
1.598725795750000067e+00
3.840955018999999915e+00
7.160536289220000405e+00
3.708737134929999790e+00
9.399635314939999375e+00
7.791588306430000443e+00
-9.990000000000000000e+02
9.604835510250000485e-01
1.471884489060000023e+00
3.581195116039999959e+00
4.233517646790000200e+00
7.553388118740000046e+00
9.700355529790000375e+00
7.585782051089999811e+00
1.231289863589999989e+01
7.584453105929999772e+00
7.569620132449999872e+00
1.226670455930000081e+01
7.773931503300000045e+00
-9.990000000000000000e+02
9.260573983190000247e-01
1.478499054910000110e+00
4.189039230349999698e+00
1.356888580320000059e+01
1.265737915040000061e+01
-9.990000000000000000e+02
1.410811805730000046e+01
1.303903388980000067e+01
1.277200126650000023e+01
1.419814682009999984e+01
1.230208110809999944e+01
1.474394798279999996e+01
1.304689979549999990e+01
1.205201435090000039e+01
1.213863563540000001e+01
1.052640724179999943e+01
1.027656364439999948e+01
5.163888454440000331e+00
1.306449222560000045e+01
1.079172325130000054e+01
1.021558952330000025e+01
8.457731246950000781e+00
8.013845682139999482e-01
1.250543475149999972e+00
2.431465387339999840e+00
7.957782745360000298e+00
3.975244760509999864e+00
-9.990000000000000000e+02
5.999297142029999641e+00
8.237489700319999386e+00
2.055452156069999958e+01
1.075094699859999947e+00
2.257445573810000106e+00
1.268859004970000015e+01
-9.990000000000000000e+02
-9.990000000000000000e+02
-9.990000000000000000e+02
8.959280014040000850e+00
1.030320167540000043e+01
1.188213443759999954e+01
1.368552017210000038e+01
1.538809490200000063e+01
7.114085197449999676e+00
8.673838615419999343e+00
1.567946672439999967e+00
9.197664260859999885e+00
3.003713607789999962e+00
2.742620706559999899e+00
-9.990000000000000000e+02
-9.990000000000000000e+02
-9.990000000000000000e+02
7.816682815550000107e+00
6.276504516600000194e+00
4.809972286219999837e+00
1.951361417770000051e+00
1.273631215099999991e+00
1.316231369969999898e+00
-9.990000000000000000e+02
-9.990000000000000000e+02
-9.990000000000000000e+02
4.436802387240000201e+00
4.384167671200000171e+00
1.554121732710000092e+00
4.488794803620000273e+00
4.424567222600000349e+00
1.287156939509999987e+00
6.711862683299999466e-01
-9.990000000000000000e+02
-9.990000000000000000e+02
-9.990000000000000000e+02
-9.990000000000000000e+02
4.416264057160000256e+00
3.318460702899999948e+00
3.096843481060000070e+00
1.283775448799999941e+00
3.017657041550000141e+00
1.115970015530000081e+00
5.973628759379999709e-01
-9.990000000000000000e+02
-9.990000000000000000e+02
-9.990000000000000000e+02
-9.990000000000000000e+02
1.089552998540000095e+00
1.741626620289999927e+00
7.427862882610000161e-01
-9.990000000000000000e+02
-9.990000000000000000e+02
-9.990000000000000000e+02
-9.990000000000000000e+02
-9.990000000000000000e+02
8.192600011830000195e-01
9.148344397540000283e-01
4.050844907760000058e-01
-9.990000000000000000e+02
-9.990000000000000000e+02
-9.990000000000000000e+02
-9.990000000000000000e+02
-9.990000000000000000e+02
5.140061378479999776e-01
1.138745427129999932e+00
2.655265927309999885e-01
-9.990000000000000000e+02
-9.990000000000000000e+02
-9.990000000000000000e+02
-9.990000000000000000e+02
-9.990000000000000000e+02
1.306146502490000083e+00
1.083273887630000099e+00
4.801555275919999755e-01
4.748793542390000177e-01
2.121380567549999985e-01
-9.990000000000000000e+02
-9.990000000000000000e+02
-9.990000000000000000e+02
-9.990000000000000000e+02
-9.990000000000000000e+02
8.501994609830000327e-01
3.711964786049999909e-01
7.476152777669999860e-01
2.871385216710000132e-01
1.539432257410000005e-01
-9.990000000000000000e+02
-9.990000000000000000e+02
-9.990000000000000000e+02
-9.990000000000000000e+02
-9.990000000000000000e+02
6.970139741899999963e-01
2.436098754409999900e-01
3.169263303279999944e-01
2.979828417300000032e-01
1.983025670050000133e-01
-9.990000000000000000e+02
-9.990000000000000000e+02
-9.990000000000000000e+02
-9.990000000000000000e+02
-9.990000000000000000e+02
-9.990000000000000000e+02
