-9.990000000000000000e+02
-9.990000000000000000e+02
-9.990000000000000000e+02
3.965582847599999905e-01
5.773034691809999508e-01
6.764900088309999671e-01
4.625948071479999979e-01
3.153664767739999819e-01
2.383453547949999918e-01
-9.990000000000000000e+02
-9.990000000000000000e+02
-9.990000000000000000e+02
-9.990000000000000000e+02
7.544731497759999961e-01
1.423402905459999923e+00
2.265850305559999889e+00
1.640949249269999966e+00
6.773281097409999951e-01
4.456515312189999745e-01
-9.990000000000000000e+02
3.342454195020000185e+00
-9.990000000000000000e+02
-9.990000000000000000e+02
-9.990000000000000000e+02
1.467358112339999909e+00
3.207798719409999944e+00
1.403876543049999981e+00
9.038737416269999603e-01
-9.990000000000000000e+02
-9.990000000000000000e+02
-9.990000000000000000e+02
-9.990000000000000000e+02
2.411636352539999972e+00
2.785642862320000024e+00
1.946410417560000106e+00
-9.990000000000000000e+02
-9.990000000000000000e+02
-9.990000000000000000e+02
1.611392378809999970e+00
3.523622035979999900e+00
3.758930206300000076e+00
2.945398569109999976e+00
5.865484714509999975e+00
5.610812187189999634e+00
4.672788143160000018e+00
5.019272327420000401e+00
8.491087913510000362e+00
7.702653884890000135e+00
8.921429634089999894e+00
-9.990000000000000000e+02
-9.990000000000000000e+02
1.602618217470000106e+00
3.845681667330000053e+00
7.147843837739999984e+00
3.631686449050000043e+00
9.454083442689999117e+00
7.777762889859999973e+00
-9.990000000000000000e+02
9.672585129740000065e-01
1.482547760010000104e+00
3.702103137970000013e+00
4.177462100979999704e+00
7.520638942719999775e+00
9.659814834589999677e+00
7.539472579959999976e+00
1.229334545140000046e+01
7.531028747559999736e+00
7.509049892430000206e+00
1.223230266570000069e+01
7.686423778530000028e+00
-9.990000000000000000e+02
9.382258653639999890e-01
1.549318194390000070e+00
4.375871658330000358e+00
1.340565013890000046e+01
1.260248088840000058e+01
-9.990000000000000000e+02
1.378391170499999951e+01
1.294133090969999955e+01
1.269570636749999970e+01
1.384004211429999920e+01
1.222848987579999935e+01
1.415130615230000011e+01
1.288109779360000040e+01
1.196697044369999929e+01
1.202492427830000032e+01
1.044496440890000066e+01
1.019205665590000010e+01
5.177078247069999861e+00
1.280319213870000006e+01
1.070489883419999977e+01
1.012738800049999988e+01
8.324163436890000156e+00
8.090110421180000122e-01
1.250696182250000010e+00
2.563893795009999810e+00
7.914479255679999881e+00
4.013251304629999794e+00
-9.990000000000000000e+02
5.852056980130000419e+00
8.103944778440000718e+00
1.649331092830000145e+01
1.083370566369999954e+00
2.264909982679999878e+00
1.163412857059999972e+01
-9.990000000000000000e+02
-9.990000000000000000e+02
-9.990000000000000000e+02
8.690209388730000484e+00
9.754892349240000371e+00
1.092879104610000063e+01
1.222169113160000009e+01
1.335914230350000054e+01
7.088783264159999931e+00
8.438965797419999859e+00
1.598219156270000108e+00
8.671477317809999974e+00
3.047961235049999829e+00
2.681866168980000076e+00
-9.990000000000000000e+02
-9.990000000000000000e+02
-9.990000000000000000e+02
7.290332794190000243e+00
5.975637912749999892e+00
4.703736305239999638e+00
1.977641820909999959e+00
1.288974404339999991e+00
1.297108530999999898e+00
-9.990000000000000000e+02
-9.990000000000000000e+02
-9.990000000000000000e+02
4.401878356930000180e+00
4.350468158720000034e+00
1.594213604929999972e+00
4.504751682280000225e+00
4.438721179959999930e+00
1.300280809400000015e+00
6.776821613310000103e-01
-9.990000000000000000e+02
-9.990000000000000000e+02
-9.990000000000000000e+02
-9.990000000000000000e+02
4.433483123780000312e+00
3.298682212830000182e+00
3.072514057159999812e+00
1.298087120059999933e+00
3.008664846419999872e+00
1.102067351339999890e+00
5.917279720310000268e-01
-9.990000000000000000e+02
-9.990000000000000000e+02
-9.990000000000000000e+02
-9.990000000000000000e+02
1.076339602470000045e+00
1.722971677779999933e+00
7.385484576230000320e-01
-9.990000000000000000e+02
-9.990000000000000000e+02
-9.990000000000000000e+02
-9.990000000000000000e+02
-9.990000000000000000e+02
8.050156235690000273e-01
9.228296875949999478e-01
4.180100858210000214e-01
-9.990000000000000000e+02
-9.990000000000000000e+02
-9.990000000000000000e+02
-9.990000000000000000e+02
-9.990000000000000000e+02
5.256983041760000530e-01
1.136435866360000047e+00
2.731848657129999913e-01
-9.990000000000000000e+02
-9.990000000000000000e+02
-9.990000000000000000e+02
-9.990000000000000000e+02
-9.990000000000000000e+02
1.312385678290000079e+00
1.094634890560000073e+00
4.794643521310000267e-01
4.759063422679999933e-01
2.136399447919999917e-01
-9.990000000000000000e+02
-9.990000000000000000e+02
-9.990000000000000000e+02
-9.990000000000000000e+02
-9.990000000000000000e+02
8.421164155010000263e-01
3.706927001479999872e-01
7.411649823189999653e-01
2.864920794959999739e-01
1.557298302650000077e-01
-9.990000000000000000e+02
-9.990000000000000000e+02
-9.990000000000000000e+02
-9.990000000000000000e+02
-9.990000000000000000e+02
6.938989162449999970e-01
2.462283074859999976e-01
3.236905038360000098e-01
3.005861639979999778e-01
1.986033767460000099e-01
-9.990000000000000000e+02
-9.990000000000000000e+02
-9.990000000000000000e+02
-9.990000000000000000e+02
-9.990000000000000000e+02
-9.990000000000000000e+02
