-9.990000000000000000e+02
-9.990000000000000000e+02
-9.990000000000000000e+02
4.002628326420000215e-01
5.839655995370000019e-01
6.920245885850000445e-01
4.912506639959999810e-01
3.301539719100000103e-01
2.421560585499999974e-01
-9.990000000000000000e+02
-9.990000000000000000e+02
-9.990000000000000000e+02
-9.990000000000000000e+02
7.554217576980000182e-01
1.406604409220000074e+00
2.231359481810000212e+00
1.643217325209999968e+00
7.093652486799999490e-01
4.578166902069999988e-01
-9.990000000000000000e+02
3.259993553160000168e+00
-9.990000000000000000e+02
-9.990000000000000000e+02
-9.990000000000000000e+02
1.450885415079999907e+00
3.117498397829999934e+00
1.438519239429999930e+00
9.300287961959999850e-01
-9.990000000000000000e+02
-9.990000000000000000e+02
-9.990000000000000000e+02
-9.990000000000000000e+02
2.389418601990000113e+00
2.788404226299999955e+00
1.957232594489999977e+00
-9.990000000000000000e+02
-9.990000000000000000e+02
-9.990000000000000000e+02
1.620532155040000033e+00
3.462757349009999874e+00
3.723265409470000176e+00
2.914647340770000206e+00
5.808564662930000289e+00
5.568814754489999963e+00
4.634230613709999780e+00
4.983963966370000165e+00
8.484821319579999965e+00
7.676215648650000389e+00
8.927041053769999124e+00
-9.990000000000000000e+02
-9.990000000000000000e+02
1.609238743779999981e+00
3.828602075580000097e+00
7.125302791600000241e+00
3.587042331700000197e+00
9.460900306699999263e+00
7.754598617550000128e+00
-9.990000000000000000e+02
9.759427309039999665e-01
1.496266365050000102e+00
3.757796049119999982e+00
4.141167640689999985e+00
7.485705375670000272e+00
9.620045661929999881e+00
7.496951103209999800e+00
1.223890018460000029e+01
7.484642028809999736e+00
7.458841323849999760e+00
1.217006301880000052e+01
7.622510433200000435e+00
-9.990000000000000000e+02
9.515546560290000233e-01
1.602920055390000043e+00
4.480362892149999610e+00
1.321954631810000080e+01
1.251327419280000086e+01
-9.990000000000000000e+02
1.348989582059999925e+01
1.280997371670000007e+01
1.258676624299999958e+01
1.352202129359999994e+01
1.213318443300000027e+01
1.369164943700000059e+01
1.270191287990000006e+01
1.186825656889999969e+01
1.190209674839999998e+01
1.037759399409999972e+01
1.012544536589999922e+01
5.172168254849999869e+00
1.256082248689999936e+01
1.062847614290000031e+01
1.005879879000000088e+01
8.238048553469999646e+00
8.208487629890000026e-01
1.259106516839999967e+00
2.654244422910000178e+00
7.807538509369999602e+00
4.032376289370000144e+00
-9.990000000000000000e+02
5.756065368649999847e+00
8.018636703489999462e+00
1.449875545499999951e+01
1.093344926829999952e+00
2.267939805979999779e+00
1.094034290309999946e+01
-9.990000000000000000e+02
-9.990000000000000000e+02
-9.990000000000000000e+02
8.421072959900000043e+00
9.320423126219999688e+00
1.027726459500000011e+01
1.130860233309999963e+01
1.218260002140000076e+01
6.998134136200000022e+00
8.199072837830000182e+00
1.615892887120000010e+00
8.289351463319999169e+00
3.080086708070000068e+00
2.638705730439999897e+00
-9.990000000000000000e+02
-9.990000000000000000e+02
-9.990000000000000000e+02
6.949758529660000406e+00
5.771556854249999979e+00
4.628142833710000126e+00
1.992889285089999962e+00
1.306271076200000048e+00
1.284397482869999996e+00
-9.990000000000000000e+02
-9.990000000000000000e+02
-9.990000000000000000e+02
4.363398551939999592e+00
4.312757968899999739e+00
1.618647217749999978e+00
4.495736598969999775e+00
4.429276466370000165e+00
1.314009904860000022e+00
6.882145404820000367e-01
-9.990000000000000000e+02
-9.990000000000000000e+02
-9.990000000000000000e+02
-9.990000000000000000e+02
4.425497055050000128e+00
3.276841163639999888e+00
3.050464391709999834e+00
1.308637142180000046e+00
2.991562128069999993e+00
1.097372412679999965e+00
5.927116870880000388e-01
-9.990000000000000000e+02
-9.990000000000000000e+02
-9.990000000000000000e+02
-9.990000000000000000e+02
1.072041869159999994e+00
1.711506962779999919e+00
7.387033700940000003e-01
-9.990000000000000000e+02
-9.990000000000000000e+02
-9.990000000000000000e+02
-9.990000000000000000e+02
-9.990000000000000000e+02
8.000959753990000145e-01
9.294606447219999623e-01
4.275946915150000138e-01
-9.990000000000000000e+02
-9.990000000000000000e+02
-9.990000000000000000e+02
-9.990000000000000000e+02
-9.990000000000000000e+02
5.342424511910000007e-01
1.132157206540000072e+00
2.802895903589999738e-01
-9.990000000000000000e+02
-9.990000000000000000e+02
-9.990000000000000000e+02
-9.990000000000000000e+02
-9.990000000000000000e+02
1.311253070830000089e+00
1.096864342689999994e+00
4.802935421469999855e-01
4.782679677009999963e-01
2.159413248300000032e-01
-9.990000000000000000e+02
-9.990000000000000000e+02
-9.990000000000000000e+02
-9.990000000000000000e+02
-9.990000000000000000e+02
8.352466821670000430e-01
3.713920712470000218e-01
7.355598807330000488e-01
2.872224152089999927e-01
1.578081846240000086e-01
-9.990000000000000000e+02
-9.990000000000000000e+02
-9.990000000000000000e+02
-9.990000000000000000e+02
-9.990000000000000000e+02
6.905793547630000306e-01
2.486091852189999951e-01
3.273283243180000190e-01
3.023700714109999743e-01
1.997613161800000092e-01
-9.990000000000000000e+02
-9.990000000000000000e+02
-9.990000000000000000e+02
-9.990000000000000000e+02
-9.990000000000000000e+02
-9.990000000000000000e+02
