-9.990000000000000000e+02
-9.990000000000000000e+02
-9.990000000000000000e+02
3.980482220650000125e-01
5.805531740189999734e-01
6.841723322870000290e-01
4.764150977130000020e-01
3.220652341840000155e-01
2.396477907900000093e-01
-9.990000000000000000e+02
-9.990000000000000000e+02
-9.990000000000000000e+02
-9.990000000000000000e+02
7.545692920680000526e-01
1.415230751039999957e+00
2.249019384379999931e+00
1.642376065249999906e+00
6.925501227379999847e-01
4.509012997149999813e-01
-9.990000000000000000e+02
3.301592588420000141e+00
-9.990000000000000000e+02
-9.990000000000000000e+02
-9.990000000000000000e+02
1.458779454230000105e+00
3.163262844090000137e+00
1.420382022859999926e+00
9.159922599790000231e-01
-9.990000000000000000e+02
-9.990000000000000000e+02
-9.990000000000000000e+02
-9.990000000000000000e+02
2.400846719740000079e+00
2.786586999889999916e+00
1.950648665429999928e+00
-9.990000000000000000e+02
-9.990000000000000000e+02
-9.990000000000000000e+02
1.615011095999999924e+00
3.494869947429999790e+00
3.740906476969999783e+00
2.928928613660000124e+00
5.840410709380000398e+00
5.592942237849999998e+00
4.654640674590000415e+00
5.003481388089999982e+00
8.494905471799999219e+00
7.695459365839999677e+00
8.931604385380000011e+00
-9.990000000000000000e+02
-9.990000000000000000e+02
1.605531096460000029e+00
3.840360879899999969e+00
7.142039299010000342e+00
3.608701944349999913e+00
9.465238571169999560e+00
7.772257804869999731e+00
-9.990000000000000000e+02
9.711554646490000442e-01
1.489094376559999988e+00
3.733347892759999898e+00
4.159264087680000443e+00
7.509060859679999922e+00
9.646702766420000685e+00
7.523869514470000297e+00
1.227596664430000040e+01
7.513335227969999863e+00
7.489262104029999811e+00
1.221101379389999941e+01
7.659515380860000278e+00
-9.990000000000000000e+02
9.444163441659999547e-01
1.575749754909999911e+00
4.430294036870000340e+00
1.332729148860000024e+01
1.256959629059999983e+01
-9.990000000000000000e+02
1.365190982820000087e+01
1.288915729520000042e+01
1.265375709529999959e+01
1.369636917110000063e+01
1.219203567499999963e+01
1.393542575839999920e+01
1.280554962160000088e+01
1.192839336399999972e+01
1.197500133509999998e+01
1.041828823090000000e+01
1.016531658170000085e+01
5.176701068879999923e+00
1.269619655610000031e+01
1.067452812189999989e+01
1.009964942929999943e+01
8.285061836240000588e+00
8.139476180079999734e-01
1.254193186760000023e+00
2.609178304669999893e+00
7.868968009949999676e+00
4.023028373719999884e+00
-9.990000000000000000e+02
5.805575370789999745e+00
8.064588546750000475e+00
1.545280551910000000e+01
1.087496876719999950e+00
2.267212629319999895e+00
1.129159927369999927e+01
-9.990000000000000000e+02
-9.990000000000000000e+02
-9.990000000000000000e+02
8.563335418699999479e+00
9.543522834779999187e+00
1.060488796229999942e+01
1.176144504550000036e+01
1.275968074799999918e+01
7.050523281100000261e+00
8.326560974119999514e+00
1.606928706169999943e+00
8.485228538510000362e+00
3.063197851179999986e+00
2.659798383710000103e+00
-9.990000000000000000e+02
-9.990000000000000000e+02
-9.990000000000000000e+02
7.121933937069999665e+00
5.875474452969999817e+00
4.667313575739999720e+00
1.985427618029999897e+00
1.296380162239999967e+00
1.290207862849999998e+00
-9.990000000000000000e+02
-9.990000000000000000e+02
-9.990000000000000000e+02
4.385152339940000310e+00
4.334108829499999871e+00
1.606446623799999918e+00
4.502929687500000000e+00
4.436633586880000202e+00
1.306304454800000014e+00
6.820636391640000351e-01
-9.990000000000000000e+02
-9.990000000000000000e+02
-9.990000000000000000e+02
-9.990000000000000000e+02
4.432190895079999748e+00
3.289180278779999966e+00
3.062511205669999903e+00
1.303067445759999998e+00
3.001901865009999781e+00
1.099196434020000002e+00
5.916578173640000271e-01
-9.990000000000000000e+02
-9.990000000000000000e+02
-9.990000000000000000e+02
-9.990000000000000000e+02
1.073618531229999951e+00
1.717266082759999923e+00
7.383877635000000161e-01
-9.990000000000000000e+02
-9.990000000000000000e+02
-9.990000000000000000e+02
-9.990000000000000000e+02
-9.990000000000000000e+02
8.018846511839999858e-01
9.260535240170000293e-01
4.227037727829999758e-01
-9.990000000000000000e+02
-9.990000000000000000e+02
-9.990000000000000000e+02
-9.990000000000000000e+02
-9.990000000000000000e+02
5.296967029569999985e-01
1.134617209429999996e+00
2.765172421930000013e-01
-9.990000000000000000e+02
-9.990000000000000000e+02
-9.990000000000000000e+02
-9.990000000000000000e+02
-9.990000000000000000e+02
1.312478423119999960e+00
1.096359491350000104e+00
4.796904921530000254e-01
4.769440889359999880e-01
2.146390080449999960e-01
-9.990000000000000000e+02
-9.990000000000000000e+02
-9.990000000000000000e+02
-9.990000000000000000e+02
-9.990000000000000000e+02
8.389771580699999509e-01
3.708935976030000026e-01
7.386088371279999620e-01
2.867342829699999762e-01
1.566194742919999883e-01
-9.990000000000000000e+02
-9.990000000000000000e+02
-9.990000000000000000e+02
-9.990000000000000000e+02
-9.990000000000000000e+02
6.924556493760000153e-01
2.472725063560000103e-01
3.255229294299999965e-01
3.014075756069999890e-01
1.990226358180000044e-01
-9.990000000000000000e+02
-9.990000000000000000e+02
-9.990000000000000000e+02
-9.990000000000000000e+02
-9.990000000000000000e+02
-9.990000000000000000e+02
