-9.990000000000000000e+02
-9.990000000000000000e+02
-9.990000000000000000e+02
4.047762751580000207e-01
5.858160853389999811e-01
7.132725119589999885e-01
5.436337590219999516e-01
3.586640655989999926e-01
2.512923479079999800e-01
-9.990000000000000000e+02
-9.990000000000000000e+02
-9.990000000000000000e+02
-9.990000000000000000e+02
7.491549253460000335e-01
1.363382935520000006e+00
2.172604084010000047e+00
1.638265848160000093e+00
7.627435326579999897e-01
4.791970551010000245e-01
-9.990000000000000000e+02
3.149791717529999868e+00
-9.990000000000000000e+02
-9.990000000000000000e+02
-9.990000000000000000e+02
1.422294735909999996e+00
2.989180088039999905e+00
1.496098041530000033e+00
9.698529839520000362e-01
-9.990000000000000000e+02
-9.990000000000000000e+02
-9.990000000000000000e+02
-9.990000000000000000e+02
2.357739210130000096e+00
2.790672540660000145e+00
1.956845164299999995e+00
-9.990000000000000000e+02
-9.990000000000000000e+02
-9.990000000000000000e+02
1.634028434750000036e+00
3.358766078950000011e+00
3.654277801510000145e+00
2.846498250959999865e+00
5.743118762970000013e+00
5.524408340449999955e+00
4.570656299590000415e+00
4.932794570919999622e+00
8.516551971440000202e+00
7.674901008610000019e+00
8.983774185179999705e+00
-9.990000000000000000e+02
-9.990000000000000000e+02
1.622218847270000097e+00
3.790194749829999932e+00
7.137354373930000051e+00
3.506714105609999965e+00
9.534093856809999323e+00
7.781867504120000056e+00
-9.990000000000000000e+02
1.002618670459999972e+00
1.539898872380000006e+00
3.848766326899999868e+00
4.070852756499999892e+00
7.498636722559999690e+00
9.657580375669999384e+00
7.498333930970000338e+00
1.221696567539999911e+01
7.479547977450000218e+00
7.446857929230000117e+00
1.212719726559999955e+01
7.596209049219999621e+00
-9.990000000000000000e+02
9.893326163290000475e-01
1.721082448960000066e+00
4.669606685639999810e+00
1.287462902070000048e+01
1.238904857640000046e+01
-9.990000000000000000e+02
1.294834709170000053e+01
1.258092308039999985e+01
1.241285514830000025e+01
1.293674373630000041e+01
1.200204658510000044e+01
1.287866115569999970e+01
1.237908172610000079e+01
1.173513889310000025e+01
1.171394729610000063e+01
1.034776115420000053e+01
1.010118770599999927e+01
5.147181987759999799e+00
1.212649917599999938e+01
1.057006072999999979e+01
1.002877998349999977e+01
8.177888870240000330e+00
8.567203879360000274e-01
1.299834847450000108e+00
2.840650558470000142e+00
7.538572311400000281e+00
4.025973320010000300e+00
-9.990000000000000000e+02
5.607439517969999621e+00
7.944077491759999887e+00
1.181979084009999958e+01
1.122964143749999977e+00
2.296203136439999959e+00
9.827306747439999768e+00
-9.990000000000000000e+02
-9.990000000000000000e+02
-9.990000000000000000e+02
7.815779685969999946e+00
8.463342666630000011e+00
9.119175910950000130e+00
9.805180549619999297e+00
1.036230087280000056e+01
6.718882083889999635e+00
7.657435417180000314e+00
1.645953416820000070e+00
7.623192787169999818e+00
3.137192726139999888e+00
2.544706344599999781e+00
-9.990000000000000000e+02
-9.990000000000000000e+02
-9.990000000000000000e+02
6.412732124329999728e+00
5.439769744870000423e+00
4.506401062010000125e+00
2.013935565949999784e+00
1.334802627560000010e+00
1.244775056840000005e+00
-9.990000000000000000e+02
-9.990000000000000000e+02
-9.990000000000000000e+02
4.306030750269999707e+00
4.256243705750000217e+00
1.650927543639999939e+00
4.479441642760000342e+00
4.412580490109999865e+00
1.344240903850000057e+00
7.080406546590000127e-01
-9.990000000000000000e+02
-9.990000000000000000e+02
-9.990000000000000000e+02
-9.990000000000000000e+02
4.410838603970000271e+00
3.241346120829999844e+00
3.015793800349999998e+00
1.327061057090000107e+00
2.959352016450000011e+00
1.093258023259999989e+00
5.940462946890000540e-01
-9.990000000000000000e+02
-9.990000000000000000e+02
-9.990000000000000000e+02
-9.990000000000000000e+02
1.071221470830000078e+00
1.692827224730000024e+00
7.390548586849999824e-01
-9.990000000000000000e+02
-9.990000000000000000e+02
-9.990000000000000000e+02
-9.990000000000000000e+02
-9.990000000000000000e+02
7.949828505520000199e-01
9.376555681229999939e-01
4.423852562899999730e-01
-9.990000000000000000e+02
-9.990000000000000000e+02
-9.990000000000000000e+02
-9.990000000000000000e+02
-9.990000000000000000e+02
5.496590733530000161e-01
1.120806455609999919e+00
2.939163148400000258e-01
-9.990000000000000000e+02
-9.990000000000000000e+02
-9.990000000000000000e+02
-9.990000000000000000e+02
-9.990000000000000000e+02
1.305427551269999986e+00
1.098604202269999996e+00
4.831317961220000234e-01
4.848171472550000249e-01
2.202480286359999873e-01
-9.990000000000000000e+02
-9.990000000000000000e+02
-9.990000000000000000e+02
-9.990000000000000000e+02
-9.990000000000000000e+02
8.247132897379999550e-01
3.731136322020000007e-01
7.263525724410000439e-01
2.890040576460000121e-01
1.604645848269999897e-01
-9.990000000000000000e+02
-9.990000000000000000e+02
-9.990000000000000000e+02
-9.990000000000000000e+02
-9.990000000000000000e+02
6.858853697779999647e-01
2.524124383929999826e-01
3.313944935800000047e-01
3.045612573620000152e-01
2.009655386210000005e-01
-9.990000000000000000e+02
-9.990000000000000000e+02
-9.990000000000000000e+02
-9.990000000000000000e+02
-9.990000000000000000e+02
-9.990000000000000000e+02
