-9.990000000000000000e+02
-9.990000000000000000e+02
-9.990000000000000000e+02
3.940881788730000168e-01
5.699003338810000319e-01
6.607537865639999675e-01
4.359582066539999801e-01
3.032813370229999750e-01
2.370653152470000025e-01
-9.990000000000000000e+02
-9.990000000000000000e+02
-9.990000000000000000e+02
-9.990000000000000000e+02
7.535975575450000186e-01
1.438373327259999890e+00
2.299487113950000161e+00
1.634529471400000045e+00
6.466234326359999729e-01
4.362969398500000096e-01
-9.990000000000000000e+02
3.431858539579999867e+00
-9.990000000000000000e+02
-9.990000000000000000e+02
-9.990000000000000000e+02
1.485941648480000099e+00
3.305801153180000007e+00
1.370488762859999987e+00
8.802465200419999913e-01
-9.990000000000000000e+02
-9.990000000000000000e+02
-9.990000000000000000e+02
-9.990000000000000000e+02
2.434537649150000149e+00
2.784251213070000119e+00
1.937778592109999920e+00
-9.990000000000000000e+02
-9.990000000000000000e+02
-9.990000000000000000e+02
1.607373237610000061e+00
3.580282449719999871e+00
3.795770883559999920e+00
2.980937242510000029e+00
5.916251182559999933e+00
5.645882129670000360e+00
4.708041191100000411e+00
5.049052715300000216e+00
8.476090431210000276e+00
7.713454723359999932e+00
8.891983985899999610e+00
-9.990000000000000000e+02
-9.990000000000000000e+02
1.599521636960000048e+00
3.847084999079999790e+00
7.157736778260000321e+00
3.680936098100000109e+00
9.422237396239999896e+00
7.788492202759999650e+00
-9.990000000000000000e+02
9.622054100039999502e-01
1.474576830860000021e+00
3.627850055690000186e+00
4.213663578030000245e+00
7.544209480290000158e+00
9.687641143800000521e+00
7.571794509890000135e+00
1.231218051910000000e+01
7.567902088170000319e+00
7.550468921660000277e+00
1.226079273220000054e+01
7.744568347929999597e+00
-9.990000000000000000e+02
9.293289780619999885e-01
1.501449823379999993e+00
4.256621837620000015e+00
1.352690029140000050e+01
1.264704227450000040e+01
-9.990000000000000000e+02
1.401214313510000053e+01
1.301690292360000001e+01
1.275548172000000058e+01
1.409123039249999998e+01
1.228415679929999982e+01
1.455529880519999963e+01
1.300237655639999979e+01
1.202936649319999951e+01
1.210725688930000032e+01
1.049954128269999920e+01
1.024817562099999968e+01
5.170585632319999903e+00
1.298794651030000047e+01
1.076395702359999973e+01
1.018580532070000011e+01
8.410469055180000097e+00
8.029487729069999524e-01
1.249276995660000056e+00
2.476116180420000035e+00
7.960544109339999785e+00
3.988368511200000022e+00
-9.990000000000000000e+02
5.947793483729999942e+00
8.190196990969999646e+00
1.898695373540000020e+01
1.077391982079999977e+00
2.260697603230000130e+00
1.233304405209999999e+01
-9.990000000000000000e+02
-9.990000000000000000e+02
-9.990000000000000000e+02
8.885092735289999766e+00
1.012979793549999918e+01
1.155903148650000034e+01
1.317041492459999930e+01
1.465318870539999985e+01
7.118514060969999946e+00
8.609544754030000746e+00
1.579312205309999939e+00
9.023800849909999755e+00
3.016987323760000006e+00
2.721715927119999989e+00
-9.990000000000000000e+02
-9.990000000000000000e+02
-9.990000000000000000e+02
7.634522438050000304e+00
6.173830032349999719e+00
4.773981094359999844e+00
1.961067676539999916e+00
1.277405500410000005e+00
1.309978604319999906e+00
-9.990000000000000000e+02
-9.990000000000000000e+02
-9.990000000000000000e+02
4.426300048829999945e+00
4.374139785769999733e+00
1.568734407420000032e+00
4.496476173399999610e+00
4.431516170500000129e+00
1.291048169139999979e+00
6.725525856020000415e-01
-9.990000000000000000e+02
-9.990000000000000000e+02
-9.990000000000000000e+02
-9.990000000000000000e+02
4.424365520480000313e+00
3.312510252000000044e+00
3.088945627210000211e+00
1.288928508759999980e+00
3.016310214999999850e+00
1.110454916949999982e+00
5.948851704600000012e-01
-9.990000000000000000e+02
-9.990000000000000000e+02
-9.990000000000000000e+02
-9.990000000000000000e+02
1.084234476090000010e+00
1.734522938730000075e+00
7.408357262610000271e-01
-9.990000000000000000e+02
-9.990000000000000000e+02
-9.990000000000000000e+02
-9.990000000000000000e+02
-9.990000000000000000e+02
8.135764598850000473e-01
9.170864820480000290e-01
4.094865024089999750e-01
-9.990000000000000000e+02
-9.990000000000000000e+02
-9.990000000000000000e+02
-9.990000000000000000e+02
-9.990000000000000000e+02
5.181028842929999989e-01
1.138309121130000046e+00
2.677985429759999758e-01
-9.990000000000000000e+02
-9.990000000000000000e+02
-9.990000000000000000e+02
-9.990000000000000000e+02
-9.990000000000000000e+02
1.309004425999999999e+00
1.088083505630000003e+00
4.799070656300000182e-01
4.747853279109999769e-01
2.123752087349999873e-01
-9.990000000000000000e+02
-9.990000000000000000e+02
-9.990000000000000000e+02
-9.990000000000000000e+02
-9.990000000000000000e+02
8.474967479710000529e-01
3.709982037539999999e-01
7.455130219459999985e-01
2.865522205830000058e-01
1.543378978970000037e-01
-9.990000000000000000e+02
-9.990000000000000000e+02
-9.990000000000000000e+02
-9.990000000000000000e+02
-9.990000000000000000e+02
6.960909366609999704e-01
2.445922046900000091e-01
3.195521533490000010e-01
2.988876104350000062e-01
1.981506198640000105e-01
-9.990000000000000000e+02
-9.990000000000000000e+02
-9.990000000000000000e+02
-9.990000000000000000e+02
-9.990000000000000000e+02
-9.990000000000000000e+02
