-9.990000000000000000e+02
-9.990000000000000000e+02
-9.990000000000000000e+02
4.019733667370000152e-01
5.860207080839999749e-01
6.993088722229999776e-01
5.067722797389999645e-01
3.383042216300000127e-01
2.445996999739999955e-01
-9.990000000000000000e+02
-9.990000000000000000e+02
-9.990000000000000000e+02
-9.990000000000000000e+02
7.548770308490000414e-01
1.396087765689999927e+00
2.214034557340000209e+00
1.642452716830000048e+00
7.253138422970000221e-01
4.642178118229999817e-01
-9.990000000000000000e+02
3.223834037780000106e+00
-9.990000000000000000e+02
-9.990000000000000000e+02
-9.990000000000000000e+02
1.443247914310000102e+00
3.076954364780000173e+00
1.455919027330000004e+00
9.427380561829999950e-01
-9.990000000000000000e+02
-9.990000000000000000e+02
-9.990000000000000000e+02
-9.990000000000000000e+02
2.379799365999999861e+00
2.789315462109999810e+00
1.959322929380000078e+00
-9.990000000000000000e+02
-9.990000000000000000e+02
-9.990000000000000000e+02
1.624792933459999977e+00
3.430671215059999835e+00
3.703061342239999831e+00
2.895126819610000179e+00
5.786473751069999949e+00
5.553250789639999851e+00
4.614923954009999996e+00
4.967873096469999972e+00
8.494516372679999705e+00
7.675442218779999770e+00
8.943389892580000833e+00
-9.990000000000000000e+02
-9.990000000000000000e+02
1.612138509750000059e+00
3.816872596740000123e+00
7.126980304719999992e+00
3.561986684799999914e+00
9.479876518250000217e+00
7.759807586670000035e+00
-9.990000000000000000e+02
9.819133877750000350e-01
1.505919098849999971e+00
3.784680366519999950e+00
4.120200157170000210e+00
7.485005855559999866e+00
9.621212959290000200e+00
7.492277145390000115e+00
1.221909618379999962e+01
7.477803230290000158e+00
7.449754714970000080e+00
1.214580726620000029e+01
7.607542991639999919e+00
-9.990000000000000000e+02
9.609117507929999524e-01
1.634630799289999992e+00
4.534553527829999986e+00
1.311667633060000071e+01
1.246982479100000063e+01
-9.990000000000000000e+02
1.332917404169999998e+01
1.273966026309999933e+01
1.253092479710000084e+01
1.334854793549999918e+01
1.208831787109999922e+01
1.344731903079999924e+01
1.260572719570000011e+01
1.182288932800000048e+01
1.184236621860000049e+01
1.035818099980000007e+01
1.010735416410000020e+01
5.169387340550000154e+00
1.243201541900000073e+01
1.060225963589999942e+01
1.003954029079999977e+01
8.211058616640000807e+00
8.293926119800000274e-01
1.267729997630000049e+00
2.706266641620000080e+00
7.733397006989999767e+00
4.037957191470000318e+00
-9.990000000000000000e+02
5.711836814879999835e+00
7.989282608029999899e+00
1.359871196749999989e+01
1.100102901459999893e+00
2.272943019870000025e+00
1.059155368799999941e+01
-9.990000000000000000e+02
-9.990000000000000000e+02
-9.990000000000000000e+02
8.251630783079999532e+00
9.068778991700000347e+00
9.924012184140000414e+00
1.083676242830000014e+01
1.159853458399999937e+01
6.928708553309999907e+00
8.048260688779999228e+00
1.625047922130000044e+00
8.086140632630000269e+00
3.096736431120000077e+00
2.611972332000000119e+00
-9.990000000000000000e+02
-9.990000000000000000e+02
-9.990000000000000000e+02
6.780438899990000046e+00
5.667989730829999573e+00
4.590553760529999749e+00
2.000566005710000095e+00
1.315085411070000099e+00
1.274880290030000030e+00
-9.990000000000000000e+02
-9.990000000000000000e+02
-9.990000000000000000e+02
4.344084739690000418e+00
4.293789386750000325e+00
1.630384445190000031e+00
4.490604400629999660e+00
4.424043655400000219e+00
1.321943521499999941e+00
6.942891478539999772e-01
-9.990000000000000000e+02
-9.990000000000000000e+02
-9.990000000000000000e+02
-9.990000000000000000e+02
4.420977115630000398e+00
3.265686750410000005e+00
3.039467573170000048e+00
1.314395308489999969e+00
2.982314109799999891e+00
1.095480680469999912e+00
5.933593511579999813e-01
-9.990000000000000000e+02
-9.990000000000000000e+02
-9.990000000000000000e+02
-9.990000000000000000e+02
1.070708870890000108e+00
1.705877065659999969e+00
7.386503815649999583e-01
-9.990000000000000000e+02
-9.990000000000000000e+02
-9.990000000000000000e+02
-9.990000000000000000e+02
-9.990000000000000000e+02
7.978492379189999761e-01
9.327502250670000050e-01
4.322942197319999957e-01
-9.990000000000000000e+02
-9.990000000000000000e+02
-9.990000000000000000e+02
-9.990000000000000000e+02
-9.990000000000000000e+02
5.387635231020000415e-01
1.129093408579999958e+00
2.843686044220000153e-01
-9.990000000000000000e+02
-9.990000000000000000e+02
-9.990000000000000000e+02
-9.990000000000000000e+02
-9.990000000000000000e+02
1.309697747229999987e+00
1.097385525700000031e+00
4.810535311699999927e-01
4.800980389119999803e-01
2.172784060240000037e-01
-9.990000000000000000e+02
-9.990000000000000000e+02
-9.990000000000000000e+02
-9.990000000000000000e+02
-9.990000000000000000e+02
8.317577838899999909e-01
3.719776272770000114e-01
7.326120138170000295e-01
2.877440452580000141e-01
1.587553024289999892e-01
-9.990000000000000000e+02
-9.990000000000000000e+02
-9.990000000000000000e+02
-9.990000000000000000e+02
-9.990000000000000000e+02
6.889762282369999991e-01
2.498971819880000111e-01
3.288190066810000034e-01
3.030676245689999937e-01
2.002408653499999913e-01
-9.990000000000000000e+02
-9.990000000000000000e+02
-9.990000000000000000e+02
-9.990000000000000000e+02
-9.990000000000000000e+02
-9.990000000000000000e+02
