-9.990000000000000000e+02
-9.990000000000000000e+02
-9.990000000000000000e+02
4.049725532530000227e-01
5.891621708869999585e-01
7.072702050210000202e-01
5.237770080570000042e-01
3.491831421850000172e-01
2.488853782419999938e-01
-9.990000000000000000e+02
-9.990000000000000000e+02
-9.990000000000000000e+02
-9.990000000000000000e+02
7.555912137029999753e-01
1.383802175520000066e+00
2.192517518999999915e+00
1.642105698589999996e+00
7.468059659000000350e-01
4.746301174159999747e-01
-9.990000000000000000e+02
3.175576925280000129e+00
-9.990000000000000000e+02
-9.990000000000000000e+02
-9.990000000000000000e+02
1.431073784829999918e+00
3.020513057710000115e+00
1.479133844379999951e+00
9.616852402690000412e-01
-9.990000000000000000e+02
-9.990000000000000000e+02
-9.990000000000000000e+02
-9.990000000000000000e+02
2.360450029369999925e+00
2.794192552570000210e+00
1.972690105439999897e+00
-9.990000000000000000e+02
-9.990000000000000000e+02
-9.990000000000000000e+02
1.635152220729999994e+00
3.387585878369999914e+00
3.689118623730000213e+00
2.889682054520000154e+00
5.736887931820000119e+00
5.513360500340000137e+00
4.591380119320000119e+00
4.940865993500000108e+00
8.446069717409999456e+00
7.620932579039999766e+00
8.898346900940000026e+00
-9.990000000000000000e+02
-9.990000000000000000e+02
1.619182229039999976e+00
3.790796756739999829e+00
7.076572418209999604e+00
3.547776460650000185e+00
9.430019378660000839e+00
7.700675964360000236e+00
-9.990000000000000000e+02
9.884055852890000216e-01
1.515996813769999951e+00
3.795744180679999857e+00
4.106303691859999994e+00
7.417875766749999933e+00
9.546054840089999161e+00
7.422039985659999672e+00
1.213119220729999981e+01
7.406380176539999916e+00
7.377437591549999674e+00
1.205317878720000024e+01
7.528795242310000191e+00
-9.990000000000000000e+02
9.706048965450000399e-01
1.668160438539999957e+00
4.578363418580000399e+00
1.292948722839999931e+01
1.235070419310000034e+01
-9.990000000000000000e+02
1.308303165439999916e+01
1.258723640440000047e+01
1.239611911769999963e+01
1.308700180049999950e+01
1.196822929380000033e+01
1.311807537079999975e+01
1.242389392850000007e+01
1.170311260219999916e+01
1.170506095890000076e+01
1.027727794649999993e+01
1.002903842929999989e+01
5.155069351199999872e+00
1.221507930759999994e+01
1.051140403750000019e+01
9.960181236269999516e+00
8.133846282960000451e+00
8.403336405750000404e-01
1.276417374610000044e+00
2.756378412250000132e+00
7.635101795199999763e+00
4.053160190579999878e+00
-9.990000000000000000e+02
5.646304130549999911e+00
7.918770313259999583e+00
1.271520042420000074e+01
1.108829617500000086e+00
2.269622564320000091e+00
1.019001770020000031e+01
-9.990000000000000000e+02
-9.990000000000000000e+02
-9.990000000000000000e+02
8.071921348569999211e+00
8.811655044560000150e+00
9.571749687189999634e+00
1.037404441830000046e+01
1.102933692929999943e+01
6.844460964199999609e+00
7.884720802310000387e+00
1.634088873859999902e+00
7.859791755679999881e+00
3.119924306870000219e+00
2.591935873030000170e+00
-9.990000000000000000e+02
-9.990000000000000000e+02
-9.990000000000000000e+02
6.584604263310000150e+00
5.545860767359999777e+00
4.539496421810000015e+00
2.006768226620000206e+00
1.333950042719999951e+00
1.272485136990000099e+00
-9.990000000000000000e+02
-9.990000000000000000e+02
-9.990000000000000000e+02
4.310761928559999845e+00
4.260938644410000364e+00
1.642082810400000037e+00
4.471922397610000210e+00
4.405179500580000074e+00
1.333959937099999937e+00
7.062475085260000451e-01
-9.990000000000000000e+02
-9.990000000000000000e+02
-9.990000000000000000e+02
-9.990000000000000000e+02
4.402534008029999946e+00
3.247857093809999984e+00
3.023592948910000189e+00
1.320340514179999980e+00
2.962415456770000066e+00
1.095743536949999930e+00
5.976810455319999660e-01
-9.990000000000000000e+02
-9.990000000000000000e+02
-9.990000000000000000e+02
-9.990000000000000000e+02
1.070333719249999982e+00
1.699864506720000001e+00
7.413262128830000464e-01
-9.990000000000000000e+02
-9.990000000000000000e+02
-9.990000000000000000e+02
-9.990000000000000000e+02
-9.990000000000000000e+02
7.980136275289999581e-01
9.374657869339999561e-01
4.392294287679999742e-01
-9.990000000000000000e+02
-9.990000000000000000e+02
-9.990000000000000000e+02
-9.990000000000000000e+02
-9.990000000000000000e+02
5.444954633709999658e-01
1.125135183330000066e+00
2.897737920280000212e-01
-9.990000000000000000e+02
-9.990000000000000000e+02
-9.990000000000000000e+02
-9.990000000000000000e+02
-9.990000000000000000e+02
1.305853366850000086e+00
1.095466494559999893e+00
4.821437001230000075e-01
4.822693169119999790e-01
2.196199595930000137e-01
-9.990000000000000000e+02
-9.990000000000000000e+02
-9.990000000000000000e+02
-9.990000000000000000e+02
-9.990000000000000000e+02
8.269731402400000153e-01
3.726356923579999814e-01
7.287036776540000149e-01
2.890793681139999793e-01
1.610523015260000024e-01
-9.990000000000000000e+02
-9.990000000000000000e+02
-9.990000000000000000e+02
-9.990000000000000000e+02
-9.990000000000000000e+02
6.863245964049999870e-01
2.513868510719999838e-01
3.305509984489999886e-01
3.043738305570000136e-01
2.018969953059999989e-01
-9.990000000000000000e+02
-9.990000000000000000e+02
-9.990000000000000000e+02
-9.990000000000000000e+02
-9.990000000000000000e+02
-9.990000000000000000e+02
